
----classifier scores-----
	Actual item set score:
 0   -0.991174
Name: 0, dtype: float64
	means:
0   -0.991006
dtype: float64
	stds:
0    0.004186
dtype: float64

----classifier score gains-----
	Actual item set score:
 0    0.008747
Name: 0, dtype: float64
	means:
0    0.008915
dtype: float64
	stds:
0    1.004107
dtype: float64

----power curve means-----
	Actual item set score:
 0    -0.999921
1    -1.031664
2    -1.037889
3    -1.034705
4    -1.029269
5    -1.022595
6    -1.017286
7    -1.011481
8    -1.005789
9    -0.999884
10   -0.996525
11   -0.992179
12   -0.989433
13   -0.985268
14   -0.982927
15   -0.980935
16   -0.977904
17   -0.974790
18   -0.973823
19   -0.970560
Name: 0, dtype: float64
	means:
0    -0.999923
1    -1.031684
2    -1.037955
3    -1.034793
4    -1.029302
5    -1.022639
6    -1.017298
7    -1.011479
8    -1.005773
9    -0.999897
10   -0.996503
11   -0.992144
12   -0.989450
13   -0.985287
14   -0.982917
15   -0.980914
16   -0.977850
17   -0.974776
18   -0.973822
19   -0.970555
dtype: float64
	stds:
0     0.000179
1     0.003373
2     0.005060
3     0.005922
4     0.006347
5     0.006563
6     0.006741
7     0.006792
8     0.006845
9     0.006959
10    0.006956
11    0.006959
12    0.007012
13    0.006910
14    0.006961
15    0.006966
16    0.007018
17    0.007020
18    0.006990
19    0.006961
dtype: float64

----power curve mean gains-----
	Actual item set score:
 0     0.000000
1    -0.031743
2    -0.037968
3    -0.034784
4    -0.029348
5    -0.022674
6    -0.017365
7    -0.011560
8    -0.005868
9     0.000038
10    0.003396
11    0.007743
12    0.010488
13    0.014653
14    0.016995
15    0.018986
16    0.022017
17    0.025131
18    0.026098
19    0.029361
Name: 0, dtype: float64
	means:
0    -0.000002
1    -0.031763
2    -0.038034
3    -0.034872
4    -0.029381
5    -0.022718
6    -0.017377
7    -0.011558
8    -0.005852
9     0.000025
10    0.003418
11    0.007777
12    0.010471
13    0.014634
14    0.017004
15    0.019007
16    0.022071
17    0.025145
18    0.026099
19    0.029366
dtype: float64
	stds:
0     1.000100
1     1.003295
2     1.004981
3     1.005843
4     1.006268
5     1.006485
6     1.006663
7     1.006713
8     1.006767
9     1.006881
10    1.006877
11    1.006880
12    1.006933
13    1.006831
14    1.006882
15    1.006888
16    1.006939
17    1.006941
18    1.006911
19    1.006882
dtype: float64

----survey equivalences----
reference rater equivalences
	means:
 0    11.416059
dtype: float64
	medians
 0    11.303738
dtype: float64
	stddevs
 0    2.400074
dtype: float64
	lower bounds
 0    7.781808
Name: 0.025, dtype: float64
	upper bounds
 0    15.938075
Name: 0.975, dtype: float64
