
----classifier scores-----
	Actual item set score:
 0   -0.991363
Name: 0, dtype: float64
	means:
0   -0.991421
dtype: float64
	stds:
0    0.004054
dtype: float64

----classifier score gains-----
	Actual item set score:
 0    0.00796
Name: 0, dtype: float64
	means:
0    0.007902
dtype: float64
	stds:
0    1.003377
dtype: float64

----power curve means-----
	Actual item set score:
 0    -0.999322
1    -0.996039
2    -0.992608
3    -0.989392
4    -0.986097
5    -0.983703
6    -0.981202
7    -0.979760
8    -0.977296
9    -0.975101
10   -0.973064
11   -0.970501
12   -0.968936
13   -0.968195
14   -0.965943
15   -0.965154
16   -0.964174
17   -0.962548
18   -0.961311
19   -0.960187
Name: 0, dtype: float64
	means:
0    -0.999386
1    -0.996227
2    -0.992880
3    -0.989753
4    -0.986490
5    -0.984127
6    -0.981677
7    -0.980255
8    -0.977806
9    -0.975630
10   -0.973614
11   -0.971075
12   -0.969495
13   -0.968761
14   -0.966510
15   -0.965743
16   -0.964765
17   -0.963136
18   -0.961897
19   -0.960776
dtype: float64
	stds:
0     0.000588
1     0.001338
2     0.002159
3     0.002839
4     0.003366
5     0.003722
6     0.004016
7     0.004187
8     0.004541
9     0.004707
10    0.004855
11    0.005051
12    0.005070
13    0.005258
14    0.005416
15    0.005432
16    0.005506
17    0.005629
18    0.005698
19    0.005690
dtype: float64

----power curve mean gains-----
	Actual item set score:
 0     0.000000
1     0.003283
2     0.006714
3     0.009930
4     0.013225
5     0.015620
6     0.018120
7     0.019562
8     0.022026
9     0.024221
10    0.026258
11    0.028822
12    0.030386
13    0.031127
14    0.033379
15    0.034169
16    0.035148
17    0.036775
18    0.038011
19    0.039136
Name: 0, dtype: float64
	means:
0    -0.000063
1     0.003095
2     0.006442
3     0.009570
4     0.012832
5     0.015196
6     0.017645
7     0.019067
8     0.021516
9     0.023693
10    0.025708
11    0.028248
12    0.029827
13    0.030561
14    0.032813
15    0.033580
16    0.034557
17    0.036186
18    0.037425
19    0.038546
dtype: float64
	stds:
0     0.999911
1     1.000660
2     1.001481
3     1.002161
4     1.002689
5     1.003045
6     1.003339
7     1.003509
8     1.003864
9     1.004030
10    1.004177
11    1.004373
12    1.004393
13    1.004581
14    1.004738
15    1.004754
16    1.004828
17    1.004952
18    1.005021
19    1.005013
dtype: float64

----survey equivalences----
reference rater equivalences
	means:
 0    2.557645
dtype: float64
	medians
 0    2.472615
dtype: float64
	stddevs
 0    1.266857
dtype: float64
	lower bounds
 0    0.266586
Name: 0.025, dtype: float64
	upper bounds
 0    5.261575
Name: 0.975, dtype: float64
