
----classifier scores-----
	Actual item set score:
 0    0.354559
Name: 0, dtype: float64
	means:
0    0.354272
dtype: float64
	stds:
0    0.007833
dtype: float64

----classifier score gains-----
	Actual item set score:
 0    0.048382
Name: 0, dtype: float64
	means:
0    0.048095
dtype: float64
	stds:
0   -0.298344
dtype: float64

----power curve means-----
	Actual item set score:
 0     0.306176
1     0.334720
2     0.340425
3     0.348666
4     0.352792
5     0.355872
6     0.359237
7     0.361463
8     0.363652
9     0.366083
10    0.367661
11    0.368680
12    0.370417
13    0.371452
14    0.372714
15    0.373332
16    0.374984
17    0.376027
18    0.375425
19    0.377605
Name: 0, dtype: float64
	means:
0     0.306017
1     0.334669
2     0.340308
3     0.348550
4     0.352657
5     0.355742
6     0.359076
7     0.361286
8     0.363473
9     0.365915
10    0.367472
11    0.368489
12    0.370233
13    0.371286
14    0.372539
15    0.373140
16    0.374796
17    0.375849
18    0.375260
19    0.377446
dtype: float64
	stds:
0     0.008137
1     0.006323
2     0.006440
3     0.006706
4     0.006797
5     0.006893
6     0.007011
7     0.007086
8     0.007152
9     0.007225
10    0.007256
11    0.007299
12    0.007344
13    0.007375
14    0.007407
15    0.007444
16    0.007452
17    0.007471
18    0.007470
19    0.007535
dtype: float64

----power curve mean gains-----
	Actual item set score:
 0     0.000000
1     0.028543
2     0.034249
3     0.042490
4     0.046616
5     0.049696
6     0.053061
7     0.055287
8     0.057476
9     0.059907
10    0.061485
11    0.062504
12    0.064241
13    0.065275
14    0.066538
15    0.067155
16    0.068807
17    0.069850
18    0.069248
19    0.071429
Name: 0, dtype: float64
	means:
0    -0.000160
1     0.028493
2     0.034131
3     0.042374
4     0.046481
5     0.049566
6     0.052899
7     0.055110
8     0.057296
9     0.059738
10    0.061295
11    0.062313
12    0.064056
13    0.065110
14    0.066363
15    0.066964
16    0.068619
17    0.069672
18    0.069083
19    0.071270
dtype: float64
	stds:
0    -0.298040
1    -0.299853
2    -0.299736
3    -0.299471
4    -0.299380
5    -0.299283
6    -0.299165
7    -0.299090
8    -0.299024
9    -0.298951
10   -0.298920
11   -0.298878
12   -0.298832
13   -0.298801
14   -0.298770
15   -0.298732
16   -0.298724
17   -0.298705
18   -0.298707
19   -0.298642
dtype: float64

----survey equivalences----
reference rater equivalences
	means:
 0    4.698767
dtype: float64
	medians
 0    4.573289
dtype: float64
	stddevs
 0    1.425212
dtype: float64
	lower bounds
 0    2.57751
Name: 0.025, dtype: float64
	upper bounds
 0    8.097005
Name: 0.975, dtype: float64
