
----classifier scores-----
	Actual item set score:
 0    0.556783
Name: 0, dtype: float64
	means:
0    0.557362
dtype: float64
	stds:
0    0.009074
dtype: float64

----classifier score gains-----
	Actual item set score:
 0    0.057172
Name: 0, dtype: float64
	means:
0    0.05775
dtype: float64
	stds:
0   -0.490537
dtype: float64

----power curve means-----
	Actual item set score:
 0     0.499612
1     0.533828
2     0.541421
3     0.552111
4     0.557456
5     0.564052
6     0.568532
7     0.572900
8     0.575384
9     0.578363
10    0.580093
11    0.582414
12    0.585195
13    0.586430
14    0.588886
15    0.589423
16    0.590801
17    0.592082
18    0.593686
19    0.594302
Name: 0, dtype: float64
	means:
0     0.500032
1     0.533991
2     0.541590
3     0.552295
4     0.557709
5     0.564323
6     0.568777
7     0.573194
8     0.575686
9     0.578645
10    0.580404
11    0.582728
12    0.585553
13    0.586743
14    0.589200
15    0.589772
16    0.591154
17    0.592384
18    0.593994
19    0.594641
dtype: float64
	stds:
0     0.010300
1     0.003260
2     0.003813
3     0.004738
4     0.005059
5     0.005496
6     0.005731
7     0.006006
8     0.006056
9     0.006222
10    0.006401
11    0.006522
12    0.006739
13    0.006737
14    0.006797
15    0.006945
16    0.006939
17    0.006937
18    0.007055
19    0.007085
dtype: float64

----power curve mean gains-----
	Actual item set score:
 0     0.000000
1     0.034216
2     0.041810
3     0.052500
4     0.057844
5     0.064441
6     0.068920
7     0.073289
8     0.075772
9     0.078751
10    0.080481
11    0.082802
12    0.085584
13    0.086819
14    0.089275
15    0.089811
16    0.091189
17    0.092471
18    0.094074
19    0.094691
Name: 0, dtype: float64
	means:
0     0.000421
1     0.034380
2     0.041979
3     0.052683
4     0.058097
5     0.064711
6     0.069165
7     0.073582
8     0.076075
9     0.079033
10    0.080792
11    0.083116
12    0.085942
13    0.087131
14    0.089589
15    0.090160
16    0.091542
17    0.092773
18    0.094383
19    0.095030
dtype: float64
	stds:
0    -0.489311
1    -0.496352
2    -0.495798
3    -0.494874
4    -0.494553
5    -0.494116
6    -0.493881
7    -0.493605
8    -0.493556
9    -0.493390
10   -0.493210
11   -0.493090
12   -0.492873
13   -0.492875
14   -0.492814
15   -0.492666
16   -0.492672
17   -0.492675
18   -0.492557
19   -0.492527
dtype: float64

----survey equivalences----
reference rater equivalences
	means:
 0    4.082797
dtype: float64
	medians
 0    3.912059
dtype: float64
	stddevs
 0    1.504221
dtype: float64
	lower bounds
 0    1.936209
Name: 0.025, dtype: float64
	upper bounds
 0    7.479194
Name: 0.975, dtype: float64
