
----classifier scores-----
	Actual item set score:
 0   -0.725291
Name: 0, dtype: float64
	means:
0   -0.726047
dtype: float64
	stds:
0    0.007177
dtype: float64

----classifier score gains-----
	Actual item set score:
 0    0.002292
Name: 0, dtype: float64
	means:
0    0.001536
dtype: float64
	stds:
0    0.73476
dtype: float64

----power curve means-----
	Actual item set score:
 0    -0.727583
1    -0.722801
2    -0.718927
3    -0.715178
4    -0.712161
5    -0.709681
6    -0.707389
7    -0.705239
8    -0.703680
9    -0.701990
10   -0.700784
11   -0.699211
12   -0.698039
13   -0.696839
14   -0.695605
15   -0.695139
16   -0.693883
17   -0.693288
18   -0.692532
19   -0.691271
Name: 0, dtype: float64
	means:
0    -0.728335
1    -0.723493
2    -0.719580
3    -0.715786
4    -0.712736
5    -0.710230
6    -0.707929
7    -0.705766
8    -0.704177
9    -0.702500
10   -0.701257
11   -0.699683
12   -0.698492
13   -0.697302
14   -0.696054
15   -0.695571
16   -0.694295
17   -0.693733
18   -0.692943
19   -0.691727
dtype: float64
	stds:
0     0.007213
1     0.006966
2     0.006810
3     0.006674
4     0.006581
5     0.006528
6     0.006482
7     0.006436
8     0.006401
9     0.006386
10    0.006368
11    0.006331
12    0.006348
13    0.006298
14    0.006296
15    0.006312
16    0.006305
17    0.006293
18    0.006286
19    0.006273
dtype: float64

----power curve mean gains-----
	Actual item set score:
 0     0.000000
1     0.004782
2     0.008656
3     0.012405
4     0.015422
5     0.017902
6     0.020194
7     0.022344
8     0.023903
9     0.025593
10    0.026799
11    0.028372
12    0.029544
13    0.030744
14    0.031978
15    0.032444
16    0.033700
17    0.034295
18    0.035051
19    0.036312
Name: 0, dtype: float64
	means:
0    -0.000752
1     0.004090
2     0.008003
3     0.011797
4     0.014847
5     0.017353
6     0.019654
7     0.021817
8     0.023406
9     0.025083
10    0.026326
11    0.027900
12    0.029091
13    0.030281
14    0.031529
15    0.032012
16    0.033288
17    0.033850
18    0.034640
19    0.035856
dtype: float64
	stds:
0     0.734796
1     0.734549
2     0.734393
3     0.734257
4     0.734164
5     0.734111
6     0.734065
7     0.734019
8     0.733984
9     0.733969
10    0.733951
11    0.733914
12    0.733931
13    0.733881
14    0.733879
15    0.733895
16    0.733888
17    0.733876
18    0.733869
19    0.733856
dtype: float64

----survey equivalences----
reference rater equivalences
	means:
 0    0.475405
dtype: float64
	medians
 0    0.480541
dtype: float64
	stddevs
 0    0.154117
dtype: float64
	lower bounds
 0    0.18765
Name: 0.025, dtype: float64
	upper bounds
 0    0.781551
Name: 0.975, dtype: float64
